364,85,825,87,824,114,364,112
450,114,741,116,740,142,449,140
378,143,817,145,817,180,377,178
418,189,687,197,686,231,417,224
454,238,802,238,802,279,454,279
340,258,421,258,421,279,340,279
574,343,721,343,721,367,574,367
336,346,351,345,380,344,400,344,420,349,435,346,454,346,452,367,432,367,420,371,398,366,380,366,350,366,334,367
595,384,742,384,742,411,595,411
337,399,365,395,388,394,417,391,440,392,468,390,496,389,496,411,468,411,439,413,418,412,389,416,363,416,334,420
414,431,453,432,521,432,576,433,635,433,698,429,742,426,744,452,700,455,634,459,576,459,522,458,452,458,413,457
638,471,784,469,784,497,639,500
337,485,360,483,408,481,447,480,503,480,533,483,570,487,571,508,534,505,502,502,447,501,409,502,361,504,337,506
411,518,448,519,516,517,584,519,629,516,696,514,738,510,741,538,698,541,628,544,584,547,517,544,448,546,411,546
